2015-16,JAMMU AND KASHMIR,KUPWARA,875564,11.33,34.62,843,0.12,8.08,66.92,54.79,77.1,2379
2015-16,JAMMU AND KASHMIR,BARAMULA,1015503,17.19,20.34,873,0.15,3.74,66.93,55.01,77.35,4243
2015-16,JAMMU AND KASHMIR,SRINAGAR,1269751,98.73,23.56,879,0.09,0.72,71.21,63.47,77.95,1979
2015-16,JAMMU AND KASHMIR,BADGAM,735753,11.74,21.18,883,0.05,3.17,57.98,46.6,68.56,1361
2015-16,JAMMU AND KASHMIR,PULWAMA,570060,13.8,29.18,913,0.07,4.03,65,53.81,75.41,1086
2015-16,JAMMU AND KASHMIR,ANANTNAG,1070144,26.04,37.48,937,0.17,10.75,64.32,54.15,74.13,3574
2015-16,JAMMU AND KASHMIR,LEH (LADAKH),147104,42.96,25.48,583,0.37,71.81,80.48,64.52,89.39,45110
2015-16,JAMMU AND KASHMIR,KARGIL,143388,8.89,20.18,775,0.01,86.89,74.49,58.05,86.73,14036
2015-16,JAMMU AND KASHMIR,DODA,409576,7.95,27.89,922,13.03,9.57,65.97,50.34,80.36,8912
2015-16,JAMMU AND KASHMIR,UDHAMPUR,555357,19.72,20.86,863,24.97,10.15,69.9,58.22,79.93,2637
2015-16,JAMMU AND KASHMIR,PUNCH,476820,8.1,27.97,890,0.12,36.93,68.69,54.8,81.04,1674
2015-16,JAMMU AND KASHMIR,RAJAURI,619266,7.09,28.14,863,7.5,36.24,68.54,57.2,78.38,2630
2015-16,JAMMU AND KASHMIR,JAMMU,1526406,49.65,12.48,871,24.71,4.52,83.98,77.41,89.77,2342
2015-16,JAMMU AND KASHMIR,KATHUA,615711,14.38,20.38,877,22.91,8.65,73.5,64.56,81.4,2502
2015-16,JAMMU AND KASHMIR,SHOPIAN,265960,5.62,25.85,951,0.02,8.2,62.49,52.77,71.86,312
2015-16,JAMMU AND KASHMIR,BANDIPORA,385099,16.89,26.31,911,0.1,19.22,57.82,46.24,68.41,345
2015-16,JAMMU AND KASHMIR,KISHTWAR,231037,6.42,21.06,917,6.2,16.54,58.54,44.13,71.75,1644
2015-16,JAMMU AND KASHMIR,RAMBAN,283313,4.16,31.81,901,4.91,14.02,56.9,40.04,71.97,1329
2015-16,JAMMU AND KASHMIR,GANDERBAL,297003,15.76,36.3,869,0.04,20.53,59.99,47.62,70.74,259
2015-16,JAMMU AND KASHMIR,KULGAM,422786,18.77,7.3,951,0.01,6.25,60.35,49.74,70.58,410
2015-16,JAMMU AND KASHMIR,REASI,314714,8.49,27.06,891,12,28.08,59.42,47.55,69.93,1719
2015-16,JAMMU AND KASHMIR,SAMBA,318611,16.83,16.9,886,28.8,5.51,82.48,74.39,89.76,904
2015-16,HIMACHAL PRADESH,CHAMBA,518844,6.98,12.58,989,21.52,26.1,73.19,62.14,84.19,6522
2015-16,HIMACHAL PRADESH,KANGRA,1507223,5.73,12.56,1013,21.15,5.6,86.49,80.62,92.55,5739
2015-16,HIMACHAL PRADESH,LAHUL AND SPITI,31528,0,-5.1,916,7.08,81.44,77.24,66.5,86.97,13841
2015-16,HIMACHAL PRADESH,KULLU,437474,9.43,14.65,950,28.01,3.84,80.14,71.01,88.8,5503
2015-16,HIMACHAL PRADESH,MANDI,999518,6.27,10.89,1012,29.38,1.28,82.81,74.33,91.51,3950
2015-16,HIMACHAL PRADESH,HAMIRPUR (H,454293,6.91,10.08,1096,24.03,0.67,89.01,83.44,95.28,1118
2015-16,HIMACHAL PRADESH,UNA,521057,8.62,16.24,977,22.16,1.65,87.23,81.67,92.75,1540
2015-16,HIMACHAL PRADESH,BILASPUR (H,382056,6.58,12.08,981,25.92,2.8,85.67,78.9,92.39,1167
2015-16,HIMACHAL PRADESH,SOLAN,576670,17.7,15.21,884,28.35,4.42,85.02,78.02,91.19,1936
2015-16,HIMACHAL PRADESH,SIRMAUR,530164,10.8,15.61,915,30.34,2.13,79.98,72.55,86.76,2825
2015-16,HIMACHAL PRADESH,SHIMLA,813384,24.77,12.58,916,26.51,1.08,84.55,77.8,90.73,5131
2015-16,HIMACHAL PRADESH,KINNAUR,84298,0,7.61,818,17.53,57.95,80.77,71.34,88.37,6401
2015-16,PUNJAB,GURDASPUR,2299026,28.5,9.3,895,25.26,0,81.06,75.73,85.9,3551
2015-16,PUNJAB,AMRITSAR,2490891,55.17,15.48,884,30.95,0,77.2,72.75,81.2,2683
2015-16,PUNJAB,KAPURTHALA,817668,34.9,8.37,912,33.95,0,80.18,75.36,84.6,1633
2015-16,PUNJAB,JALANDHAR,2181753,53.18,11.16,913,38.95,0,82.4,78.31,86.1,2624
2015-16,PUNJAB,HOSHIARPUR,1582793,21.15,6.85,962,35.14,0,85.43,80.78,89.9,3386
2015-16,PUNJAB,NAWANSHAHR,614362,20.43,4.58,954,42.51,0,80.33,74.28,86.2,1282
2015-16,PUNJAB,RUPNAGAR,683349,12.63,8.67,913,26.42,0,83.28,77.17,88.9,1356
2015-16,PUNJAB,FATEHGARH SAHIB,599814,30.87,11.39,871,32.07,0,80.33,75.53,84.5,1180
2015-16,PUNJAB,LUDHIANA,3487882,59.14,15,869,26.39,0,82.54,78.16,86.3,3578
2015-16,PUNJAB,MOGA,992289,22.55,10.9,893,36.5,0,71.59,67.41,75.3,2242
2015-16,PUNJAB,FIROZPUR,2026831,27.25,16.08,893,42.17,0,69.85,62.24,76.7,5305
2015-16,PUNJAB,MUKTSAR,902702,27.99,16.1,895,42.31,0,66.79,60.03,72.9,2593
2015-16,PUNJAB,FARIDKOT,618008,35.2,12.18,889,38.92,0,70.65,64.82,75.9,1458
2015-16,PUNJAB,BATHINDA,1388859,35.99,17.37,865,32.44,0,69.57,62.92,75.3,3353
2015-16,PUNJAB,MANSA,768808,21.26,11.62,880,33.63,0,62.78,56.41,68.4,2198
2015-16,PUNJAB,SANGRUR,1654408,40.27,12.3,883,27.89,0,68.88,62.86,74.2,3625
2015-16,PUNJAB,PATIALA,1892282,53.64,19.4,888,24.55,0,76.26,70.47,81.4,3325
2015-16,PUNJAB,MOHALI,986147,26.02,32.02,878,21.74,0,84.87,80.01,89.2,1094
2015-16,PUNJAB,TARAN TARAN,1120070,31.24,19.28,898,33.71,0,69.43,62.88,75.4,2414
2015-16,PUNJAB,BARNALA,596294,31.97,13.16,876,32.24,0,68.9,64.14,73.1,1482
2015-16,PUNJAB,Fazilka,0,0,0,0,0,0,0,0,0,0
2015-16,PUNJAB,PATHANKOT,0,0,0,0,0,0,0,0,0,0
2015-16,CHANDIGARH,CHANDIGARH,1054686,97.25,17.1,818,18.86,0,86.43,81.38,90.54,114
2015-16,UTTARAKHAND,UTTARKASHI,329686,7.35,11.75,959,24.41,1.06,75.98,62.23,89.26,8016
2015-16,UTTARAKHAND,CHAMOLI,391114,15.11,5.6,1021,20.25,3.13,83.48,73.2,94.18,8030
2015-16,UTTARAKHAND,RUDRAPRAYAG,236857,4.19,4.14,1120,19.68,0.16,82.09,70.94,94.97,1984
2015-16,UTTARAKHAND,TEHRI GARHWAL,616409,11.37,1.93,1078,16.5,0.14,75.1,61.77,89.91,3642
2015-16,UTTARAKHAND,DEHRADUN,1698560,55.9,32.48,902,13.49,6.58,85.24,79.61,90.32,3088
2015-16,UTTARAKHAND,GARHWAL,686527,16.41,-1.51,1103,17.8,0.32,82.59,73.26,93.18,5329
2015-16,UTTARAKHAND,PITHORAGARH,485993,14.31,5.13,1021,24.9,4.04,82.93,72.97,93.45,7090
2015-16,UTTARAKHAND,BAGESHWAR,259840,3.5,5.13,1093,27.73,0.76,80.69,69.59,93.2,2241
2015-16,UTTARAKHAND,ALMORA,621927,10.02,-1.73,1142,24.26,0.21,81.06,70.44,93.57,3144
2015-16,UTTARAKHAND,CHAMPAWAT,259315,14.79,15.49,981,18.25,0.52,80.73,68.81,92.65,1766
2015-16,UTTARAKHAND,NAINITAL,955128,38.94,25.2,933,20.03,0.79,84.85,78.21,91.09,4251
2015-16,UTTARAKHAND,UDHAM SINGH NAGAR,1648367,35.58,33.4,919,14.45,7.46,74.44,65.73,82.48,2542
2015-16,UTTARAKHAND,HARDWAR,1927029,37.77,33.16,879,21.76,0.33,74.62,65.96,82.26,2360
2015-16,HARYANA,PANCHKULA,558890,54.87,19.32,870,18.14,0,83.44,77.48,88.65,898
2015-16,HARYANA,AMBALA,1136784,44.38,12.06,882,26.26,0,82.89,76.64,88.47,1574
2015-16,HARYANA,YAMUNANAGAR,1214162,38.94,16.56,877,25.26,0,78.93,71.99,85.06,1768
2015-16,HARYANA,KURUKSHETRA,964231,28.93,16.81,889,22.3,0,76.7,69.18,83.46,1530
2015-16,HARYANA,KAITHAL,1072861,21.97,13.39,880,23.04,0,70.56,60.69,79.33,2317
2015-16,HARYANA,KARNAL,1506323,30.27,18.22,886,22.56,0,76.44,68.29,83.73,2520
2015-16,HARYANA,PANIPAT,1202811,45.97,24.33,861,17.11,0,77.46,68.23,85.45,1268
2015-16,HARYANA,SONIPAT,1480080,30.52,15.71,853,18.62,0,80.83,70.88,89.4,2122
2015-16,HARYANA,JIND,1332042,22.82,11.95,870,21.16,0,72.73,61.58,82.49,2702
2015-16,HARYANA,FATEHABAD,941522,19.04,16.79,903,30.19,0,69.13,59.29,78.1,2538
2015-16,HARYANA,SIRSA,1295114,24.75,15.98,896,29.91,0,70.35,61.16,78.64,4277
2015-16,HARYANA,HISAR,1742815,31.73,13.38,871,23.44,0,73.24,62.31,82.79,3983
2015-16,HARYANA,BHIWANI,1629109,19.8,14.32,884,20.87,0,76.74,64.8,87.39,4778
2015-16,HARYANA,ROHTAK,1058683,42.02,12.61,868,20.44,0,80.37,71.19,88.42,1745
2015-16,HARYANA,JHAJJAR,956907,25.39,8.73,861,17.79,0,80.83,70.96,89.44,1834
2015-16,HARYANA,MAHENDRAGARH,921680,14.43,13.43,894,16.95,0,78.87,65.25,91.28,1899
2015-16,HARYANA,REWARI,896129,25.82,17.09,898,20.28,0,82.23,70.54,92.92,1594
2015-16,HARYANA,GURGAON,1514085,68.82,73.93,853,13.07,0,84.44,77.64,90.27,1258
2015-16,HARYANA,FARIDABAD,1798954,79.44,31.75,871,12.37,0,83.04,75.17,89.94,741
2015-16,HARYANA,MEWAT,1089406,11.38,37.94,906,6.91,0,56.14,37.58,72.98,1507
2015-16,HARYANA,PALWAL,1040493,22.65,25.49,879,19.48,0,70.32,56.4,82.6,1359
2015-16,DELHI,NORTH WEST DELHI,3651261,32.44,27.63,862,19.07,0,84.66,78.76,89.74,443
2015-16,DELHI,NORTH DELHI,883418,17.79,13.04,871,18.66,0,86.81,81.92,91.06,61
2015-16,DELHI,NORTH EAST DELHI,2240749,36.44,26.73,886,16.67,0,82.8,76.51,88.39,62
2015-16,DELHI,EAST DELHI,1707725,17.91,16.68,883,16.46,0,88.75,84.55,92.47,63
2015-16,DELHI,NEW DELHI,133713,-25.35,-25.35,811,23.41,0,89.38,84.83,93.04,35
2015-16,DELHI,CENTRAL DELHI,578671,-10.48,-10.48,892,24.59,0,85.25,82.6,87.6,21
2015-16,DELHI,WEST DELHI,2531583,23.65,18.91,876,14.8,0,87.12,82.5,91.17,130
2015-16,DELHI,SOUTH WEST DELHI,2292363,40.44,30.62,836,13.89,0,88.81,83.07,93.62,421
2015-16,DELHI,SOUTH DELHI,2733752,29.22,20.59,859,15.48,0,87.03,80.99,92.2,247
2015-16,RAJASTHAN,GANGANAGAR,1969520,27.2,10.06,887,36.59,0.68,70.25,60.07,79.33,10978
2015-16,RAJASTHAN,HANUMANGARH,1779650,19.71,17.24,906,27.85,0.81,68.37,56.91,78.82,9656
2015-16,RAJASTHAN,BIKANER,2367745,33.95,41.42,903,20.88,0.33,65.92,53.77,76.9,30239
2015-16,RAJASTHAN,CHURU,2041172,28.24,6.1,938,22.15,0.55,67.46,54.25,79.95,13835
2015-16,RAJASTHAN,JHUNJHUNUN,2139658,22.91,11.81,950,16.88,1.95,74.72,61.15,87.88,5928
2015-16,RAJASTHAN,ALWAR,3671999,17.82,22.7,894,17.77,7.87,71.68,56.78,85.08,8380
2015-16,RAJASTHAN,BHARATPUR,2549121,19.41,21.32,877,21.87,2.12,71.16,54.63,85.7,5066
2015-16,RAJASTHAN,DHAULPUR,1207293,20.51,22.78,845,20.36,4.86,70.14,55.45,82.53,3033
2015-16,RAJASTHAN,KARAULI,1458459,14.99,20.57,858,24.31,22.28,67.34,49.18,82.96,5524
2015-16,RAJASTHAN,SAWAI MADHOPUR,1338114,19.9,19.79,894,20.87,21.4,66.19,47.8,82.72,4498
2015-16,RAJASTHAN,Dausa,1637226,12.38,24.31,904,21.68,26.51,69.17,52.33,84.54,3432
2015-16,RAJASTHAN,JAIPUR,6663971,52.51,26.91,909,15.14,7.97,76.44,64.63,87.27,11143
2015-16,RAJASTHAN,SIKAR,2677737,23.65,17.04,944,15.64,2.81,72.98,58.76,86.66,7732
2015-16,RAJASTHAN,NAGAUR,3309234,19.17,19.25,948,21.16,0.32,64.08,48.63,78.9,17718
2015-16,RAJASTHAN,JODHPUR,3685681,34.3,27.69,915,16.49,3.23,67.09,52.57,80.46,22850
2015-16,RAJASTHAN,JAISALMER,672008,13.28,32.22,849,14.8,6.33,58.04,40.23,73.09,38401
2015-16,RAJASTHAN,BARMER,2604453,7,32.55,900,16.76,6.77,57.49,41.03,72.32,28387
2015-16,RAJASTHAN,JALOR,1830151,8.3,26.31,951,19.53,9.77,55.58,38.73,71.83,10640
2015-16,RAJASTHAN,SIROHI,1037185,20.13,21.86,938,19.48,28.22,56.02,40.12,71.09,5136
2015-16,RAJASTHAN,PALI,2038533,22.56,11.99,987,19.54,7.1,63.23,48.35,78.16,12387
2015-16,RAJASTHAN,AJMER,2584913,40.09,18.48,950,18.51,2.46,70.46,56.42,83.93,8481
2015-16,RAJASTHAN,TONK,1421711,22.36,17.33,949,20.26,12.54,62.46,46.01,78.27,7194
2015-16,RAJASTHAN,BUNDI,1113725,19.94,15.7,922,18.97,20.57,62.31,47,76.52,5776
2015-16,RAJASTHAN,BHILWARA,2410459,21.29,19.7,969,16.94,9.52,62.71,47.93,77.16,10455
2015-16,RAJASTHAN,RAJSAMAND,1158283,15.93,17.35,988,12.81,13.9,63.93,48.44,79.52,4655
2015-16,RAJASTHAN,UDAIPUR,3067549,19.85,23.66,958,6.14,49.71,62.74,49.1,75.91,11724
2015-16,RAJASTHAN,DUNGARPUR,1388906,6.39,25.39,990,3.76,70.83,60.78,46.98,74.66,3770
2015-16,RAJASTHAN,BANSWARA,1798194,7.11,26.58,979,4.46,76.38,57.2,43.47,70.8,4522
2015-16,RAJASTHAN,CHITTAURGARH,1544392,18.47,16.09,970,16.2,13.05,62.51,46.98,77.74,7822
2015-16,RAJASTHAN,KOTA,1950491,60.3,24.35,906,20.78,9.42,77.48,66.32,87.63,5217
2015-16,RAJASTHAN,BARAN,1223921,20.79,19.8,926,18.09,22.64,67.38,52.48,81.23,6992
2015-16,RAJASTHAN,JHALAWAR,1411327,16.26,19.57,945,17.26,12.91,62.13,47.06,76.47,6219
2015-16,RAJASTHAN,PRATAPGARH (RAJ,868231,8.26,22.84,982,6.96,63.42,56.3,42.4,70.13,4449
2015-16,UTTAR PRADESH,SAHARANPUR,3464228,30.71,19.59,887,22.05,0.03,72.03,63.3,79.77,3689
2015-16,UTTAR PRADESH,MUZAFFARNAGAR,4138605,28.76,16.8,886,13.55,0.01,70.11,60,79.11,4008
2015-16,UTTAR PRADESH,BIJNOR,3683896,25.13,17.64,913,21.38,0.08,70.43,61.45,78.7,4561
2015-16,UTTAR PRADESH,MORADABAD,4773138,33.01,25.25,903,15.33,0.01,58.67,49.63,66.83,3718
2015-16,UTTAR PRADESH,RAMPUR,2335398,25.21,21.4,905,13.18,0.02,55.08,46.19,63.1,2367
2015-16,UTTAR PRADESH,JYOTIBA PHULE NAGAR,1838771,24.83,22.66,907,17.28,0.01,65.7,53.77,76.53,2249
2015-16,UTTAR PRADESH,MEERUT,3447405,51.13,15.01,885,18.12,0.1,74.8,65.69,82.91,2559
2015-16,UTTAR PRADESH,BAGHPAT,1302156,21.05,11.87,858,11.44,0,73.54,61.22,84.17,1321
2015-16,UTTAR PRADESH,GHAZIABAD,4661452,67.46,41.66,878,16.52,0.09,85,81.42,88.16,1179
2015-16,UTTAR PRADESH,GAUTAM BUDDHA NAGAR,1674714,59.56,39.32,852,13.11,0.13,82.2,72.78,90.23,1282
2015-16,UTTAR PRADESH,BULANDSHAHR,3498507,24.8,20.09,892,20.74,0.01,70.23,56.6,82.52,4512
2015-16,UTTAR PRADESH,ALIGARH,3673849,33.11,22.78,876,20.56,0.02,69.61,57.48,80.24,3650
2015-16,UTTAR PRADESH,HATHRAS,1565678,21.31,17.19,870,24.77,0.02,73.1,60.79,83.83,1840
2015-16,UTTAR PRADESH,MATHURA,2541894,29.66,22.53,858,19.89,0.06,72.65,58.93,84.39,3340
2015-16,UTTAR PRADESH,AGRA,4380793,45.87,21,859,22.43,0.16,69.44,59.16,78.32,4041
2015-16,UTTAR PRADESH,FIROZABAD,2496761,33.33,21.62,867,18.97,0.1,74.6,64.8,83.08,2407
2015-16,UTTAR PRADESH,ETAH,1761152,15.24,12.77,863,15.84,0.01,73.27,61.72,83.21,2431
2015-16,UTTAR PRADESH,MAINPURI,1847194,15.39,15.69,876,19.71,0.03,78.26,68.35,86.93,2760
2015-16,UTTAR PRADESH,BUDAUN,3712738,17.37,20.96,859,16.91,0,52.91,41.76,62.39,5168
2015-16,UTTAR PRADESH,BAREILLY,4465344,34.99,23.4,883,12.53,0.07,60.52,50.35,69.47,4120
2015-16,UTTAR PRADESH,PILIBHIT,2037225,17.43,23.83,889,16.42,0.08,63.58,52.43,73.46,3686
2015-16,UTTAR PRADESH,SHAHJAHANPUR,3002376,19.7,17.84,865,17.72,0.02,61.61,51.73,70.09,4388
2015-16,UTTAR PRADESH,KHERI,4013634,11.49,25.14,887,26.4,1.33,62.71,52.62,71.58,7680
2015-16,UTTAR PRADESH,SITAPUR,4474446,11.84,23.62,879,32.26,0.04,63.38,52.8,72.61,5743
2015-16,UTTAR PRADESH,HARDOI,4091380,13.22,20.39,856,31.14,0.01,68.89,59.17,77.2,5986
2015-16,UTTAR PRADESH,UNNAO,3110595,17.14,15.19,901,30.52,0.09,68.29,58.54,77.06,4558
2015-16,UTTAR PRADESH,LUCKNOW,4588455,66.2,25.79,906,20.66,0.16,79.33,73.88,84.27,2528
2015-16,UTTAR PRADESH,RAE BARELI,3404004,9.05,18.51,941,30.26,0.05,69.04,58.06,79.39,4609
2015-16,UTTAR PRADESH,FARRUKHABAD,1887577,22,20.2,874,16.59,0.01,70.57,60.51,79.34,2181
2015-16,UTTAR PRADESH,KANNAUJ,1658005,16.92,19.37,879,18.71,0,74.01,64.46,82.36,2093
2015-16,UTTAR PRADESH,ETAWAH,1579160,23.2,17.95,867,24.55,0.01,79.99,71.16,87.64,2311
2015-16,UTTAR PRADESH,AURAIYA,1372287,17.07,16.3,864,28.39,0.01,80.25,71.97,87.37,2016
2015-16,UTTAR PRADESH,KANPUR DEHAT,1795092,9.66,14.82,862,25.64,0.05,77.52,68.48,85.27,3021
2015-16,UTTAR PRADESH,KANPUR NAGAR,4572951,65.93,9.72,852,17.83,0.08,81.31,76.89,85.07,3155
2015-16,UTTAR PRADESH,JALAUN,1670718,25.06,14.87,865,27.7,0.05,75.16,63.88,84.89,4565
2015-16,UTTAR PRADESH,JHANSI,2000755,41.78,14.66,885,28.15,0.19,76.37,64.88,86.58,5024
2015-16,UTTAR PRADESH,LALITPUR,1218002,14.38,24.57,905,19.69,5.86,64.95,52.26,76.41,5039
2015-16,UTTAR PRADESH,HAMIRPUR (U,1104021,18.96,5.78,860,21.84,0.04,70.16,57.19,81.27,4021
2015-16,UTTAR PRADESH,MAHOBA,876055,21.19,23.66,880,25.22,0.07,66.94,54.65,77.72,3144
2015-16,UTTAR PRADESH,BANDA,1799541,15.35,17.06,863,21.56,0.01,68.11,54.95,79.38,4408
2015-16,UTTAR PRADESH,CHITRAKOOT,990626,9.73,29.29,879,26.89,0.04,66.52,54.03,77.42,3216
2015-16,UTTAR PRADESH,FATEHPUR,2632684,12.25,14.05,900,24.75,0.01,68.78,57.76,78.69,4152
2015-16,UTTAR PRADESH,PRATAPGARH,3173752,5.54,16.2,994,22.1,0.02,73.1,60.99,85.29,3717
2015-16,UTTAR PRADESH,KAUSHAMBI,1596909,7.79,23.49,905,34.72,0.01,63.69,50.76,75.35,1779
2015-16,UTTAR PRADESH,ALLAHABAD,5959798,24.78,20.74,902,22,0.13,74.41,62.67,85,5482
2015-16,UTTAR PRADESH,BARABANKI,3257983,10.14,21.86,908,26.52,0.02,63.76,54.1,72.49,4402
2015-16,UTTAR PRADESH,FAIZABAD,2468371,13.89,18.16,961,22.46,0.04,70.63,60.72,80.21,2341
2015-16,UTTAR PRADESH,AMBEDKAR NAGAR,2398709,11.74,18.35,976,24.65,0.03,74.37,64.62,83.95,2350
2015-16,UTTAR PRADESH,Sultanpur,3790922,5.28,17.92,978,22.43,0.02,71.14,60.17,81.99,4436
2015-16,UTTAR PRADESH,BAHRAICH,3478257,8.26,46.08,891,14.6,0.32,51.1,40.76,60.23,5237
2015-16,UTTAR PRADESH,SHRAWASTI,1114615,3.45,-5.25,875,16.95,0.5,49.13,37.07,59.55,1640
2015-16,UTTAR PRADESH,BALRAMPUR (U,2149066,7.74,27.74,922,12.9,1.16,51.76,40.92,61.66,3349
2015-16,UTTAR PRADESH,GONDA,3431386,6.56,24.07,922,15.49,0.03,61.16,49.13,72.23,4003
2015-16,UTTAR PRADESH,SIDDHARTHNAGAR,2553526,6.28,25.17,970,15.97,0.47,61.81,49.61,73.79,2895
2015-16,UTTAR PRADESH,BASTI,2461056,5.61,18.05,959,20.86,0.15,69.69,58.35,80.65,2688
2015-16,UTTAR PRADESH,SANT KABIR NAGAR,1714300,7.47,20.71,969,21.52,0.09,69.01,56.99,80.72,1646
2015-16,UTTAR PRADESH,MAHARAJGANJ,2665292,5.06,22.61,938,18.36,0.61,64.3,50.14,77.62,2952
2015-16,UTTAR PRADESH,GORAKHPUR,4436275,18.78,17.69,944,21.08,0.41,73.25,61.54,84.38,3321
2015-16,UTTAR PRADESH,KUSHINAGAR,3560830,4.72,23.08,955,15.27,2.25,67.66,54.74,80.1,2905
2015-16,UTTAR PRADESH,DEORIA,3098637,10.23,14.23,1013,15.11,3.54,73.53,61.34,86.07,2540
2015-16,UTTAR PRADESH,AZAMGARH,4616509,8.52,17.17,1017,25.39,0.2,72.69,62.65,83.08,4054
2015-16,UTTAR PRADESH,MAU,2205170,22.66,18.94,978,21.51,1.04,75.16,65.59,84.61,1713
2015-16,UTTAR PRADESH,BALLIA,3223642,9.43,16.73,933,15.27,3.4,73.82,61.72,85.19,2981
2015-16,UTTAR PRADESH,JAUNPUR,4476072,7.45,14.43,1018,22.04,0.11,73.66,61.7,86.06,4038
2015-16,UTTAR PRADESH,GHAZIPUR,3622727,7.56,19.26,951,20.07,0.79,74.27,62.29,85.77,3377
2015-16,UTTAR PRADESH,CHANDAULI,1952713,12.55,18.83,913,22.88,2.14,73.86,63.07,83.58,2541
2015-16,UTTAR PRADESH,VARANASI,3682194,43.43,17.32,909,13.24,0.78,77.05,68.2,85.12,1535
2015-16,UTTAR PRADESH,SAMBHAL (BHIM NAGAR),0,0,0,0,0,0,0,0,0,0
2015-16,UTTAR PRADESH,MIRZAPUR,2494533,13.89,17.89,900,26.48,0.81,70.38,58.77,80.83,4405
2015-16,UTTAR PRADESH,SONBHADRA,1862612,16.89,27.27,913,22.64,20.67,66.18,54.11,77.19,6905
2015-16,UTTAR PRADESH,BHADOI,1554203,14.73,14.81,950,22.37,0.12,71.1,57.79,83.87,1015
2015-16,UTTAR PRADESH,KANSHIRAM NAGAR,1438156,20.05,17.05,879,17.7,0.01,62.3,50.2,72.91,1955
2015-16,UTTAR PRADESH,AMETHI - CSM NAGAR,0,0,0,0,0,0,0,0,0,0
2015-16,UTTAR PRADESH,SHAMLI (PRABUDH NAGAR),0,0,0,0,0,0,0,0,0,0
2015-16,UTTAR PRADESH,HAPUR (PANCHSHEEL NAGAR),0,0,0,0,0,0,0,0,0,0
2015-16,BIHAR,PASHCHIM CHAMPARAN,3922780,10.04,28.89,906,14.08,6.35,58.06,46.79,68.16,5228
2015-16,BIHAR,PURBA CHAMPARAN,5082868,7.85,29.01,901,12.74,0.24,58.26,47.36,68.02,3968
2015-16,BIHAR,SHEOHAR,656916,4.28,27.32,890,14.73,0.05,56,47.25,63.72,349
2015-16,BIHAR,SITAMARHI,3419622,5.58,27.47,899,11.85,0.09,53.53,43.4,62.56,2294
2015-16,BIHAR,MADHUBANI,4476044,3.68,25.19,925,13.09,0.09,60.9,48.3,72.53,3501
2015-16,BIHAR,SUPAUL,2228397,4.74,28.62,925,15.89,0.46,59.65,46.63,71.65,2425
2015-16,BIHAR,ARARIA,2806200,6.01,30,921,13.61,1.38,55.1,45.18,64.15,2830
2015-16,BIHAR,KISHANGANJ,1690948,9.68,30.44,946,6.69,3.8,57.04,47.98,65.56,1884
2015-16,BIHAR,PURNIA,3273127,10.41,28.66,930,11.98,4.27,52.49,43.19,61.09,3229
2015-16,BIHAR,KATIHAR,3068149,8.91,28.23,916,8.57,5.86,53.56,45.37,60.99,3057
2015-16,BIHAR,MADHEPURA,1994618,4.42,30.65,914,17.3,0.63,53.78,42.75,63.82,1788
2015-16,BIHAR,SAHARSA,1897102,8.18,25.79,906,16.69,0.32,54.57,42.73,65.22,1687
2015-16,BIHAR,DARBHANGA,3921971,9.69,19,910,15.64,0.07,58.26,46.88,68.58,2279
2015-16,BIHAR,MUZAFFARPUR,4778610,9.83,27.54,898,15.66,0.13,65.68,56.82,73.61,3172
2015-16,BIHAR,GOPALGANJ,2558037,6.32,18.83,1015,12.49,2.37,67.04,56.03,78.38,2033
2015-16,BIHAR,SIWAN,3318176,5.49,22.25,984,11.61,2.61,71.59,60.35,82.77,2219
2015-16,BIHAR,SARAN,3943098,8.93,21.37,949,12,0.93,68.57,56.89,79.71,2641
2015-16,BIHAR,VAISHALI,3495249,6.65,28.58,892,21.12,0.07,68.56,59.1,77,2036
2015-16,BIHAR,SAMASTIPUR,4254782,3.46,25.33,909,18.85,0.04,63.81,53.52,73.09,2904
2015-16,BIHAR,BEGUSARAI,2954367,19.19,25.75,894,14.55,0.05,66.23,57.1,74.36,1918
2015-16,BIHAR,KHAGARIA,1657599,5.26,29.46,883,14.83,0.04,60.87,52.16,68.51,1486
2015-16,BIHAR,BHAGALPUR,3032226,19.79,25.13,879,10.49,2.21,64.96,56.49,72.3,2569
2015-16,BIHAR,BANKA,2029339,3.52,26.14,907,12.18,4.44,60.12,49.4,69.76,3020
2015-16,BIHAR,MUNGER,1359054,28.3,19.45,879,13.44,1.57,73.3,65.53,80.06,1419
2015-16,BIHAR,LAKHISARAI,1000717,14.29,24.74,900,15.31,0.83,64.95,54.89,73.98,1228
2015-16,BIHAR,SHEIKHPURA,634927,17.14,20.82,926,20.6,0.1,65.96,54.93,76.14,689
2015-16,BIHAR,NALANDA,2872523,15.93,21.18,921,21.12,0.05,66.41,54.76,77.11,2355
2015-16,BIHAR,PATNA,5772804,43.48,22.34,892,15.77,0.16,72.47,63.72,80.28,3202
2015-16,BIHAR,BHOJPUR,2720155,14.29,21.27,900,15.59,0.51,72.79,60.2,84.08,2395
2015-16,BIHAR,BUXAR,1707643,9.61,21.77,922,14.75,1.57,71.77,59.84,82.78,1703
2015-16,BIHAR,KAIMUR (BHABUA),1626900,4.02,27.54,919,22.69,3.57,71.01,59.56,81.49,3332
2015-16,BIHAR,ROHTAS,2962593,14.43,20.22,914,18.57,1.07,75.59,64.95,85.29,3881
2015-16,BIHAR,JEHANABAD,1124176,11.95,21.34,918,19.81,0.11,68.27,56.24,79.3,931
2015-16,BIHAR,AURANGABAD (BIHAR),2511243,9.38,24.75,916,24.1,0.04,72.77,62.05,82.52,3305
2015-16,BIHAR,GAYA,4379383,13.14,26.08,932,30.39,0.07,66.35,55.9,76.02,4976
2015-16,BIHAR,NAWADA,2216653,9.72,22.49,936,25.47,0.09,61.63,51.09,71.4,2494
2015-16,BIHAR,JAMUI,1756078,8.24,25.54,921,17.19,4.48,62.16,49.44,73.77,3098
2015-16,BIHAR,ARWAL,699563,7.36,19.01,927,20.16,0.08,69.54,56.85,81.27,638
2015-16,SIKKIM,NORTH SIKKIM,43354,10.72,5.66,769,2.25,65.7,77.39,69.92,83.03,4226
2015-16,SIKKIM,WEST SIKKIM,136299,3.84,10.58,941,4.35,42.38,78.69,72.12,84.86,1166
2015-16,SIKKIM,SOUTH SIKKIM,146742,14.37,11.57,914,4.12,28.19,82.06,76.57,87.06,750
2015-16,SIKKIM,EAST SIKKIM,281293,42.93,14.79,872,5.4,27.66,84.67,79.41,89.22,954
2015-16,ARUNACHAL PRADESH,TAWANG,49950,12.23,28.33,701,0,69.65,60.61,48.75,68.54,2172
2015-16,ARUNACHAL PRADESH,WEST KAMENG,87013,10.34,16.64,755,0,55.25,69.4,60.8,75.66,7422
2015-16,ARUNACHAL PRADESH,EAST KAMENG,78413,17.95,37.14,1012,0,92.01,62.48,54.18,70.95,4134
2015-16,ARUNACHAL PRADESH,PAPUM PARE,176385,12.45,44.57,950,0,66.38,82.14,76.65,87.33,3462
2015-16,ARUNACHAL PRADESH,LOWER SUBANSIRI,82839,10.97,48.65,975,0,87.81,76.33,70.1,82.4,3508
2015-16,ARUNACHAL PRADESH,UPPER SUBANSIRI,83205,12.4,50.34,982,0,93.86,63.96,60.51,67.36,7032
2015-16,ARUNACHAL PRADESH,WEST SIANG,112272,10.73,8.04,916,0,82.64,67.62,60.76,73.89,8325
2015-16,ARUNACHAL PRADESH,EAST SIANG,99019,10.93,13.3,962,0,70.53,73.54,67.9,78.94,3603
2015-16,ARUNACHAL PRADESH,UPPER SIANG,35289,12.51,5.77,891,0,80.6,59.94,55.22,64.09,6590
2015-16,ARUNACHAL PRADESH,DIBANG VALLEY,7948,11.64,9.3,808,0,71.23,64.8,59.1,69.39,9129
2015-16,ARUNACHAL PRADESH,LOHIT,145538,12.57,16.44,901,0,32.53,69.88,61.62,77.25,5212
2015-16,ARUNACHAL PRADESH,CHANGLANG,147951,11.5,17.96,914,0,36.35,61.9,52.08,70.8,4662
2015-16,ARUNACHAL PRADESH,TIRAP,111997,12.08,11.63,931,0,87.85,52.23,41.83,61.87,2362
2015-16,ARUNACHAL PRADESH,KURUNG KUMEY,89717,18.74,111.01,1029,0,98.58,50.67,44.31,57.28,6040
2015-16,ARUNACHAL PRADESH,LOWER DIBANG VALLEY,53986,9.75,7.01,919,0,48.03,70.38,63.56,76.62,3900
2015-16,ARUNACHAL PRADESH,Anjaw,21089,8.02,13.77,805,0,77.72,59.4,46.39,69.54,6190
2015-16,ARUNACHAL PRADESH,LONGDING,0,0,0,0,0,0,0,0,0,0
2015-16,ARUNACHAL PRADESH,NAMSAI,0,0,0,0,0,0,0,0,0,0
2015-16,ARUNACHAL PRADESH,KRA DADI,0,0,0,0,0,0,0,0,0,0
2015-16,ARUNACHAL PRADESH,SIANG,0,0,0,0,0,0,0,0,0,0
2015-16,NAGALAND,MON,250671,13.85,-3.83,898,0,95.22,56.6,52.39,60.38,1786
2015-16,NAGALAND,TUENSANG,196801,18.72,5.81,930,0,97.11,73.7,70.4,76.76,2536
2015-16,NAGALAND,MOKOKCHUNG,193171,28.81,-16.77,927,0,91.68,92.68,91.74,93.55,1615
2015-16,NAGALAND,ZUNHEBOTO,141014,19.58,-8.79,981,0,97.02,86.26,83.61,88.86,1255
2015-16,NAGALAND,WOKHA,166239,21.05,3.11,969,0,94.16,87.6,84.58,90.53,1628
2015-16,NAGALAND,DIMAPUR,379769,51.95,23.23,916,0,59.13,85.44,82.54,88.07,927
2015-16,NAGALAND,KOHIMA,270063,45.6,22.66,927,0,83.86,85.58,81.56,89.28,1463
2015-16,NAGALAND,PHEK,163294,15.07,10.19,951,0,96.16,79.13,73.5,84.53,2026
2015-16,NAGALAND,LONGLENG,74033,22.28,-30.54,961,0,96.3,71.1,65.44,75.6,562
2015-16,NAGALAND,KIPHIRE,50593,15.04,-58.39,903,0,96.52,73.1,70.35,76.54,1130
2015-16,NAGALAND,PEREN,94954,15.59,4.61,917,0,88.47,79,73.57,83.96,1651
2015-16,MANIPUR,SENAPATI,354972,2.1,25.16,939,0.37,79.76,75,68.8,80.85,3271
2015-16,MANIPUR,TAMENGLONG,140143,11.22,25.69,953,0.02,95.72,70.4,63.76,76.74,4391
2015-16,MANIPUR,CHURACHANDPUR,271274,6.4,19.03,969,0.16,92.94,84.29,80.13,88.34,4570
2015-16,MANIPUR,BISHNUPUR,240363,36.73,15.36,1000,9.32,1.39,76.35,67.29,85.52,496
2015-16,MANIPUR,THOUBAL,420517,35.48,15.48,1006,9.62,0.43,76.66,67.57,85.9,514
2015-16,MANIPUR,IMPHAL WEST,514683,61.9,15.82,1029,3.19,4.66,86.7,80.71,92.93,519
2015-16,MANIPUR,IMPHAL EAST,452661,40.28,14.63,1011,3.47,6.06,82.81,75.92,89.86,709
2015-16,MANIPUR,UKHRUL,183115,14.32,30.07,948,0.14,94.35,81.87,77.47,86.05,4544
2015-16,MANIPUR,CHANDEL,144028,11.74,21.72,932,0.38,88.97,70.85,63.26,77.93,3313
2015-16,MIZORAM,MAMIT,85757,17.27,36.59,924,0.06,95.04,85.96,81.37,90.15,3025
2015-16,MIZORAM,KOLASIB,83054,56.22,25.92,956,0.1,87.68,94.54,93.53,95.5,1382
2015-16,MIZORAM,AIZAWL,404054,77.42,24.07,1009,0.16,93.31,98.5,98,99.01,3576
2015-16,MIZORAM,CHAMPHAI,125370,38.46,15.66,981,0.01,98.19,93.51,92.2,94.8,3185
2015-16,MIZORAM,SERCHHIP,64875,49.3,20.45,976,0.05,96.85,98.76,98.28,99.24,1421
2015-16,MIZORAM,LUNGLEI,154094,39.9,12.29,944,0.11,95.11,89.4,85.85,92.74,4536
2015-16,MIZORAM,LAWNGTLAI,117444,17.79,59.53,945,0.12,95.3,66.41,57.62,74.68,2557
2015-16,MIZORAM,SAIHA,56366,44.47,-7.68,978,0.15,96.59,88.41,85.8,91,1399
2015-16,TRIPURA,WEST TRIPURA,1724619,39.27,12.5,964,19.59,25.03,88.91,84.76,92.91,2993
2015-16,TRIPURA,SOUTH TRIPURA,875144,14.06,14.03,957,16,39.37,85.41,79.64,90.94,3057
2015-16,TRIPURA,DHALAI,377988,10.71,22.78,945,16.31,55.68,86.82,80.83,92.45,2400
2015-16,TRIPURA,NORTH TRIPURA,693281,17.34,17.32,967,16.57,25.86,88.29,84.69,91.77,2036
2015-16,TRIPURA,SEPAHIJALA,0,0,0,0,0,0,0,0,0,0
2015-16,TRIPURA,KHOWAI,0,0,0,0,0,0,0,0,0,0
2015-16,TRIPURA,GOMATI,0,0,0,0,0,0,0,0,0,0
2015-16,TRIPURA,UNAKOTI,0,0,0,0,0,0,0,0,0,0
2015-16,MEGHALAYA,WEST GARO HILLS,642923,11.68,24.02,979,1.37,73.69,68.38,63.34,73.31,3677
2015-16,MEGHALAYA,EAST GARO HILLS,317618,13.93,26.75,968,0.16,95.99,75.51,71.32,79.56,2603
2015-16,MEGHALAYA,SOUTH GARO HILLS,142574,9.15,41.19,944,0.22,94.31,72.39,67.72,76.77,1887
2015-16,MEGHALAYA,WEST KHASI HILLS,385601,11.15,30.25,981,0.04,97.82,79.3,78.3,80.29,5247
2015-16,MEGHALAYA,RI BHOI,258380,9.74,34.02,951,0.23,88.89,77.22,75.85,78.52,2448
2015-16,MEGHALAYA,EAST KHASI HILLS,824059,44.42,24.68,1008,0.68,80.05,84.7,84.15,85.26,2748
2015-16,MEGHALAYA,JAINTIA HILLS,392852,7.25,31.34,1008,0.33,95.19,63.26,66.71,59.75,3819
2015-16,MEGHALAYA,NORTH GARO HILLS,0,0,0,0,0,0,0,0,0,0
2015-16,MEGHALAYA,EAST JAINTIA HILLS,0,0,0,0,0,0,0,0,0,0
2015-16,MEGHALAYA,SOUTH WEST KHASI HILLS,0,0,0,0,0,0,0,0,0,0
2015-16,MEGHALAYA,SOUTH WEST GARO HILLS,0,0,0,0,0,0,0,0,0,0
2015-16,ASSAM,KOKRAJHAR,886999,6.17,5.19,958,3.33,31.41,66.63,59.54,73.44,3296
2015-16,ASSAM,DHUBRI,1948632,10.36,24.4,952,3.61,0.33,59.36,54.26,64.2,2176
2015-16,ASSAM,GOALPARA,1008959,13.66,22.74,962,4.47,22.97,68.67,64.53,72.67,1824
2015-16,ASSAM,BONGAIGAON,732639,13.76,19.58,961,11.21,2.55,70.44,65.18,75.48,1093
2015-16,ASSAM,BARPETA,1693190,8.7,21.4,951,5.63,1.62,65.03,59.04,70.72,2282
2015-16,ASSAM,KAMRUP-RURAL,1517202,9.36,15.67,946,7.11,12,72.81,67.69,77.64,3105
2015-16,ASSAM,NALBARI,769919,10.72,11.74,945,7.8,3.03,79.89,73.85,85.58,1052
2015-16,ASSAM,DARRANG,908090,6.1,19.51,923,4.34,0.91,64.55,60.4,68.36,1585
2015-16,ASSAM,MORIGAON,957853,7.65,23.39,974,12.31,14.29,69.37,64.99,73.66,1551
2015-16,ASSAM,NAGAON,2826006,13.03,22.09,962,9.43,4.08,73.78,69.21,78.19,3973
2015-16,ASSAM,SONITPUR,1925975,8.89,15.67,946,5.67,12.07,69.96,62.53,76.98,5204
2015-16,ASSAM,LAKHIMPUR,1040644,8.77,17.06,965,7.85,23.93,78.39,71.91,84.66,2277
2015-16,ASSAM,DHEMAJI,688077,7.04,20.3,949,6.45,47.45,69.07,62.13,75.66,3237
2015-16,ASSAM,TINSUKIA,1316948,19.97,14.51,948,2.84,6.18,70.92,63.54,77.89,3790
2015-16,ASSAM,DIBRUGARH,1327748,18.36,12.04,952,4.44,7.76,76.22,69.52,82.59,3381
2015-16,ASSAM,SIBSAGAR,1150253,9.55,9.37,951,3.68,4.26,81.36,75.69,86.75,2668
2015-16,ASSAM,JORHAT,1091295,20.12,9.21,956,8.12,12.82,83.42,78.22,88.38,2851
2015-16,ASSAM,GOLAGHAT,1058674,9.24,11.88,961,5.84,10.48,78.31,72.18,84.2,3502
2015-16,ASSAM,KARBI ANGLONG,965280,11.82,18.69,956,4.7,56.34,73.52,64.62,82.12,10434
2015-16,ASSAM,DIMA HASAO,213529,28.67,13.53,931,2.03,70.92,78.99,72.15,85.34,4888
2015-16,ASSAM,CACHAR,1736319,18.2,20.17,958,15.25,1.01,80.36,74.62,85.85,3786
2015-16,ASSAM,KARIMGANJ,1217002,9.06,20.74,961,12.85,0.16,79.72,73.49,85.7,1809
2015-16,ASSAM,HAILAKANDI,659260,7.31,21.44,946,10.72,0.11,75.26,68.54,81.61,1327
2015-16,ASSAM,BAKSA,953773,1.28,11.17,967,7.69,34.84,70.53,62.23,78.55,2457
2015-16,ASSAM,CHIRANG,481818,7.37,11.26,969,7.29,37.06,64.71,57.87,71.35,1923
2015-16,ASSAM,UDALGURI,832769,4.51,9.76,966,4.55,32.15,66.6,59.17,73.79,2012
2015-16,ASSAM,KAMRUP-METRO,1260419,82.9,18.95,922,8.12,5.99,88.66,85.82,91.26,955
2015-16,WEST BENGAL,DARJILING,1842034,38.99,14.47,971,17.18,21.52,79.92,73.74,85.94,3149
2015-16,WEST BENGAL,JALPAIGURI,3869675,27,13.77,954,37.65,18.89,73.79,66.65,80.61,6227
2015-16,WEST BENGAL,KOCH BIHAR,2822780,10.25,13.86,942,50.17,0.64,75.49,69.08,81.52,3387
2015-16,WEST BENGAL,UTTAR DINAJPUR,3000849,12.07,22.9,936,26.87,5.41,60.13,53.15,66.65,3140
2015-16,WEST BENGAL,DAKSHIN DINAJPUR,1670931,14.13,11.16,954,28.8,16.43,73.86,67.81,79.63,2219
2015-16,WEST BENGAL,MALDAH,3997970,13.8,21.5,939,20.94,7.87,62.71,57.84,67.27,3733
2015-16,WEST BENGAL,MURSHIDABAD,7102430,19.78,21.07,957,12.64,1.28,67.53,63.88,71.02,5324
2015-16,WEST BENGAL,BIRBHUM,3502387,12.8,16.15,956,29.5,6.92,70.9,64.07,77.42,4545
2015-16,WEST BENGAL,BARDDHAMAN,7723663,39.87,12.01,943,27.41,6.34,77.15,70.47,83.44,7024
2015-16,WEST BENGAL,NADIA,5168488,27.81,12.24,947,29.94,2.72,75.58,71.35,79.58,3927
2015-16,WEST BENGAL,NORTH TWENTY FOUR PARGANAS,10082852,57.59,12.86,949,21.67,2.64,84.95,81.05,88.66,4094
2015-16,WEST BENGAL,HUGLI,5520389,38.6,9.49,958,24.35,4.15,82.55,76.95,87.93,3149
2015-16,WEST BENGAL,BANKURA,3596292,8.36,12.64,954,32.65,10.25,70.95,60.44,81,6882
2015-16,WEST BENGAL,PURULIYA,2927965,12.75,15.43,955,19.38,18.45,65.38,51.29,78.85,6259
2015-16,WEST BENGAL,HAORA,4841638,63.3,13.31,935,14.82,0.31,83.85,79.73,87.69,1467
2015-16,WEST BENGAL,KOLKATA,4486679,100,-1.88,899,5.38,0.24,87.14,84.98,89.08,185
2015-16,WEST BENGAL,SOUTH  TWENTY FOUR PARGANAS,8153176,25.61,18.05,949,30.19,1.19,78.57,72.09,84.72,9960
2015-16,WEST BENGAL,PURBA MEDINIPUR,5094238,12.03,15.32,936,14.63,0.55,87.66,81.81,93.14,4713
2015-16,WEST BENGAL,PASCHIM MEDINIPUR,5943300,11.65,14.44,960,19.08,14.88,79.04,71.11,86.66,9368
2015-16,WEST BENGAL,SILIGURI,509709,0,8,951,0,0,85.46,81.94,0,0
2015-16,WEST BENGAL,ALIPURDUAR,0,0,0,0,0,0,0,0,0,0
2015-16,JHARKHAND,GARHWA,1322387,5.27,27.71,933,24.19,15.56,62.18,49.43,74,4093
2015-16,JHARKHAND,PALAMU,1936319,11.66,25.94,929,27.65,9.34,65.5,53.87,76.27,4393
2015-16,JHARKHAND,CHATRA,1042304,6.03,28.98,951,32.66,4.37,62.14,51.91,71.85,3718
2015-16,JHARKHAND,HAZARIBAG,1734005,15.88,25.75,946,17.5,7.02,70.48,59.25,81.15,3555
2015-16,JHARKHAND,KODARMA,717169,19.71,32.59,949,15.22,0.96,68.35,54.77,81.25,2540
2015-16,JHARKHAND,GIRIDIH,2445203,8.5,28.33,943,13.31,9.74,65.12,50.33,79.08,4962
2015-16,JHARKHAND,DEOGHAR,1491879,17.31,28.02,921,12.74,12.13,66.34,52.39,79.13,2477
2015-16,JHARKHAND,GODDA,1311382,4.91,25.14,933,8.8,21.26,57.68,44.9,69.56,2266
2015-16,JHARKHAND,SAHIBGANJ,1150038,13.86,23.96,948,6.29,26.8,53.73,44.31,62.65,2063
2015-16,JHARKHAND,PAKAUR,899200,7.5,28.15,985,3.16,42.1,50.17,41.23,59.02,1811
2015-16,JHARKHAND,DUMKA,1321096,6.82,19.39,974,6.03,43.22,62.54,49.6,75.17,3761
2015-16,JHARKHAND,DHANBAD,2682662,58.13,11.91,908,16.29,8.68,75.71,64.7,85.68,2040
2015-16,JHARKHAND,BOKARO,2061918,47.69,15.99,916,14.51,12.4,73.48,61.46,84.5,2883
2015-16,JHARKHAND,RANCHI,2912022,43.18,23.9,950,5.25,35.76,77.13,68.2,85.63,5097
2015-16,JHARKHAND,LOHARDAGA,461738,12.43,26.67,985,3.32,56.9,68.29,57.86,78.62,1502
2015-16,JHARKHAND,GUMLA,1025656,6.43,23.21,993,3.17,68.94,66.92,56.97,76.87,5360
2015-16,JHARKHAND,PASHCHIMI SINGHBHUM,1501619,14.53,21.69,1004,3.79,67.32,59.54,47.01,72.18,7224
2015-16,JHARKHAND,PURBI SINGHBHUM,2291032,55.55,15.53,949,4.86,28.51,76.13,67.33,84.51,3562
2015-16,JHARKHAND,JAMTARA,790207,9.62,21,959,9.21,30.4,63.73,50.08,76.85,1811
2015-16,JHARKHAND,SARAIKELA-KHARSAWAN,1063458,24.29,25.28,958,5.28,35.18,68.85,56.19,81.01,2657
2015-16,JHARKHAND,SIMDEGA,599813,7.16,16.62,1000,7.45,70.78,67.59,59.38,75.84,3774
2015-16,JHARKHAND,LATEHAR,725673,7.05,29.38,964,21.31,45.54,61.23,50.26,71.8,4291
2015-16,JHARKHAND,KHUNTI,530299,8.51,21.96,994,4.52,73.25,64.51,53.71,75.33,2535
2015-16,JHARKHAND,RAMGARH,949159,44.13,13.06,921,11.2,21.19,73.92,63.49,83.51,1341
2015-16,ODISHA,BARGARH,0,0,0,0,0,0,0,65.84,84.28,5837
2015-16,ODISHA,JHARSUGUDA,0,0,0,0,0,0,0,70.05,86.27,2114
2015-16,ODISHA,SAMBALPUR,0,0,0,0,0,0,0,68.47,85.17,6624
2015-16,ODISHA,DEOGARH,312164,7.61,13.88,976,16.68,35.33,73.07,63.36,82.62,2940
2015-16,ODISHA,SUNDERGARH,2080664,35.5,13.66,971,9.16,50.75,74.13,65.93,82.13,9712
2015-16,ODISHA,KEONJHAR,1802777,14.04,15.42,987,11.62,45.45,69,58.7,79.22,8303
2015-16,ODISHA,MAYURBHANJ,2513895,7.67,13.06,1005,7.33,58.72,63.98,53.18,74.92,10418
2015-16,ODISHA,BALASORE,2317419,10.92,14.47,957,20.62,11.88,80.66,72.95,88.06,3806
2015-16,ODISHA,BHADRAK,439917,12.33,17.82,991,22.23,2.02,72.51,60.44,89.92,2505
2015-16,ODISHA,KENDRAPARA,1439891,5.8,10.59,1006,21.51,0.66,85.93,79.51,92.45,2644
2015-16,ODISHA,JAGATSINGHPUR,1136604,10.2,7.47,967,21.83,0.69,87.13,80.88,93.2,1668
2015-16,ODISHA,CUTTACK,2618708,27.94,11.86,955,19,3.57,84.2,77.64,90.51,3932
2015-16,ODISHA,JAJPUR,1826275,7.39,12.43,972,23.72,8.29,80.44,73.37,87.36,2899
2015-16,ODISHA,DHENKANAL,1192948,9.83,11.82,947,19.62,13.59,79.41,71.4,87.08,4452
2015-16,ODISHA,ANGUL,1271703,16.23,11.55,942,18.81,14.1,78.96,70.44,87.06,6375
2015-16,ODISHA,NAYAGARH,962215,8.29,11.3,916,14.17,6.1,79.17,71.08,86.63,3890
2015-16,ODISHA,KHORDHA,2246341,48.11,19.65,925,13.21,5.11,87.51,82.06,92.55,2813
2015-16,ODISHA,PURI,1697983,15.63,13,963,19.14,0.36,85.37,78.67,91.84,3479
2015-16,ODISHA,GANJAM,3520151,21.78,11.37,981,19.5,3.37,71.88,61.84,81.85,8206
2015-16,ODISHA,GAJAPATI,575880,12.25,10.99,1042,6.78,54.29,54.29,43.59,65.58,4325
2015-16,ODISHA,KANDHAMAL,731952,9.86,12.92,1037,15.76,53.58,65.12,52.46,78.41,8021
2015-16,ODISHA,BOUDH,1506522,4.65,12.95,981,23.79,12.55,83.25,76.49,84.49,3098
2015-16,ODISHA,SONEPUR,652107,7.66,20.35,959,25.6,9.37,74.42,63.63,84.78,2337
2015-16,ODISHA,BOLANGIR,1648574,11.96,23.29,983,17.88,21.05,65.5,53.77,77.08,6575
2015-16,ODISHA,NUAPADA,606490,5.61,14.28,1020,13.46,33.8,58.2,45.21,71.55,3852
2015-16,ODISHA,KALAHANDI,1573054,7.75,17.79,1003,18.17,28.5,60.22,47.27,73.34,7920
2015-16,ODISHA,RAYAGADA,961959,15.36,15.74,1048,14.41,55.99,50.88,39.87,62.61,7073
2015-16,ODISHA,NABARANGPUR,1218762,7.2,18.81,1018,14.53,55.79,48.2,37.22,59.45,5291
2015-16,ODISHA,KORAPUT,1376934,16.37,16.63,1031,14.25,50.56,49.87,38.92,61.29,8807
2015-16,ODISHA,MALKANGIRI,612727,7.97,21.53,1016,22.55,57.83,49.49,38.95,60.29,5791
2015-16,CHHATTISGARH,KORIYA,659039,31.19,12.4,971,8.31,46.18,71.41,61.01,81.52,6604
2015-16,CHHATTISGARH,SURGUJA,2361329,10.38,19.74,976,4.9,55.11,61.16,50.88,71.23,15732
2015-16,CHHATTISGARH,JASHPUR,852043,8.92,14.65,1004,5.74,62.28,68.6,59.05,78.24,5838
2015-16,CHHATTISGARH,RAIGARH (CHHATTISGARH),1493627,16.49,18.02,993,15.06,33.84,73.7,63.25,84.17,7086
2015-16,CHHATTISGARH,KORBA,1206563,36.98,19.25,971,10.33,40.9,73.22,62.26,83.88,6598
2015-16,CHHATTISGARH,JANJGIR - CHAMPA,1620632,13.9,23.01,986,24.57,11.56,73.7,61.72,85.59,3853
2015-16,CHHATTISGARH,BILASPUR (CHHATTISGARH),2662077,25.5,33.21,972,20.76,18.71,71.59,60.12,82.77,8272
2015-16,CHHATTISGARH,KAWARDHA,822239,10.62,40.66,997,14.57,20.31,61.95,48.94,74.99,4235
2015-16,CHHATTISGARH,RAJNANDGAON,1537520,17.73,19.82,1017,10.19,26.36,76.97,66.98,87.19,8070
2015-16,CHHATTISGARH,DURG,3343079,38.41,18.95,988,13.7,11.89,79.69,70.51,88.8,8535
2015-16,CHHATTISGARH,RAIPUR,4062160,36.49,34.65,983,17.82,11.72,76.43,66.21,86.5,12383
2015-16,CHHATTISGARH,MAHASAMUND,1032275,11.64,20,1018,13.52,27.1,71.54,60.37,83.01,4790
2015-16,CHHATTISGARH,DHAMTARI,799199,18.66,13.11,1012,7.33,25.96,78.95,69.24,88.84,4084
2015-16,CHHATTISGARH,KANKER,748593,10.25,15,1007,4.21,55.38,70.97,61.08,80.98,7161
2015-16,CHHATTISGARH,BASTER,1411644,13.7,17.83,1024,2.69,65.93,54.94,44.49,65.7,10470
2015-16,CHHATTISGARH,DANTEWADA,532791,18.04,11.9,1022,2.44,76.88,42.67,32.88,52.69,8298
2015-16,CHHATTISGARH,KONDAGAON,0,0,0,0,0,0,0,0,0,0
2015-16,CHHATTISGARH,NARAYANPUR,0,0,0,0,0,0,0,0,58.97,4653
2015-16,CHHATTISGARH,MUNGELI,0,0,0,0,0,0,0,0,0,0
2015-16,CHHATTISGARH,BIJAPUR,0,0,0,0,0,0,0,0,51.42,8530
2015-16,CHHATTISGARH,SUKMA,0,0,0,0,0,0,0,0,0,0
2015-16,CHHATTISGARH,BALOD,0,0,0,0,0,0,0,0,0,0
2015-16,CHHATTISGARH,BEMETARA,0,0,0,0,0,0,0,0,0,0
2015-16,CHHATTISGARH,BALODABAZAR,0,0,0,0,0,0,0,0,0,0
2015-16,CHHATTISGARH,GARIABAND,0,0,0,0,0,0,0,0,0,0
2015-16,CHHATTISGARH,BALRAMPUR,0,0,0,0,0,0,0,0,0,0
2015-16,CHHATTISGARH,SURAJPUR,0,0,0,0,0,0,0,0,0,0
2015-16,MADHYA PRADESH,SHEOPUR,687952,15.6,22.96,902,15.76,23.47,58.02,44.45,70.3,6606
2015-16,MADHYA PRADESH,MORENA,1965137,23.9,23.38,839,21.44,0.87,72.07,57.64,84.2,4989
2015-16,MADHYA PRADESH,BHIND,1703562,25.4,19.25,838,22.01,0.36,76.59,63.96,87.2,4459
2015-16,MADHYA PRADESH,GWALIOR,2030543,62.7,24.41,862,19.34,3.55,77.93,68.29,86.3,4560
2015-16,MADHYA PRADESH,DATIA,786375,23.2,18.4,875,25.46,1.91,73.5,60.21,85.2,2902
2015-16,MADHYA PRADESH,SHIVPURI,1725818,17.1,22.74,877,18.63,13.2,63.73,49.47,76.2,10066
2015-16,MADHYA PRADESH,GUNA,1240938,25.2,26.91,910,15.56,15.37,65.1,52.53,76.6,6390
2015-16,MADHYA PRADESH,TIKAMGARH,1444920,17.3,20.11,901,25.02,4.7,62.57,50.71,73.3,5048
2015-16,MADHYA PRADESH,CHHATARPUR,1762857,22.6,19.54,884,23,4.18,64.9,54.34,74.2,8687
2015-16,MADHYA PRADESH,PANNA,1016028,12.3,18.62,907,20.46,16.81,66.08,55.55,75.6,7135
2015-16,MADHYA PRADESH,SAGAR,2378295,29.8,17.62,896,21.09,9.33,77.52,67.71,86.3,10252
2015-16,MADHYA PRADESH,DAMOH,1263703,19.8,16.58,913,19.49,13.15,70.92,59.9,81,7306
2015-16,MADHYA PRADESH,SATNA,2228619,21.3,19.17,927,17.88,14.36,73.79,63.42,83.4,7502
2015-16,MADHYA PRADESH,REWA,2363744,16.7,19.79,930,16.22,13.19,73.42,62.49,83.7,6314
2015-16,MADHYA PRADESH,UMARIA,643579,17.2,24.73,953,9.02,46.64,67.34,56.06,78.1,4076
2015-16,MADHYA PRADESH,SHAHDOL,1064989,20.6,17.27,968,8.42,44.65,68.36,58.16,78.3,6205
2015-16,MADHYA PRADESH,SIDHI,1126515,8.3,23.66,952,11.55,27.8,66.09,55.23,76.5,4851
2015-16,MADHYA PRADESH,NEEMUCH,825958,29.7,13.76,959,13.46,8.65,71.81,57.25,85.9,4256
2015-16,MADHYA PRADESH,MANDSAUR,1339832,20.7,13.19,966,18.58,2.47,72.75,58.3,86.8,5535
2015-16,MADHYA PRADESH,RATLAM,1454483,29.9,19.67,973,13.65,28.17,68.03,56.45,79.4,4861
2015-16,MADHYA PRADESH,UJJAIN,1986597,39.2,16.11,954,26.37,2.45,73.55,61.4,85.2,6091
2015-16,MADHYA PRADESH,SHAJAPUR,1512353,19.4,17.17,939,23.4,2.5,70.17,56.36,83.2,6195
2015-16,MADHYA PRADESH,DEWAS,1563107,28.9,19.48,941,18.67,17.44,70.53,58.27,82.1,7020
2015-16,MADHYA PRADESH,JHABUA,1024091,9,30.58,989,1.7,87,44.45,34.29,54.7,3600
2015-16,MADHYA PRADESH,DHAR,2184672,18.9,25.53,961,6.65,55.94,60.57,49.69,71.1,8153
2015-16,MADHYA PRADESH,INDORE,3272335,74.1,32.71,924,16.64,6.64,82.32,74.89,89.2,3898
2015-16,MADHYA PRADESH,KHARGONE,1872413,16,22.81,963,11.16,38.98,63.98,53.68,74,8025
2015-16,MADHYA PRADESH,BARWANI,1385659,14.7,27.55,981,6.35,69.43,50.23,43.07,57.3,5427
2015-16,MADHYA PRADESH,KHANDWA,1309443,19.8,21.44,944,11.95,35.05,67.53,56.54,77.9,7352
2015-16,MADHYA PRADESH,RAJGARH,1546541,17.9,23.32,955,19.13,3.48,62.68,49.79,75.1,6153
2015-16,MADHYA PRADESH,VIDISHA,1458212,23.3,20.03,897,20.03,4.63,72.08,61.67,81.4,7371
2015-16,MADHYA PRADESH,BHOPAL,2368145,80.8,28.46,911,15.08,2.93,82.26,76.57,87.4,2772
2015-16,MADHYA PRADESH,SEHORE,1311008,18.9,21.51,918,20.69,11.1,71.11,58.86,82.4,6578
2015-16,MADHYA PRADESH,RAISEN,1331699,22.8,18.36,899,16.96,15.4,74.26,65.09,82.5,8466
2015-16,MADHYA PRADESH,BETUL,1575247,19.6,12.91,970,10.11,42.34,70.14,61.63,78.4,10043
2015-16,MADHYA PRADESH,HARDA,570302,20.9,20.21,932,16.28,27.99,74.04,64.3,83.1,3334
2015-16,MADHYA PRADESH,HOSHANGABAD,1240975,31.4,14.45,912,16.52,15.89,76.52,67.04,85.2,6703
2015-16,MADHYA PRADESH,KATNI,1291684,20.4,21.38,948,12.05,24.59,73.62,62.47,84.2,4950
2015-16,MADHYA PRADESH,JABALPUR,2460714,58.5,14.39,925,14.13,15.23,82.47,75.3,89.1,5211
2015-16,MADHYA PRADESH,NARSIMHAPUR,1092141,18.6,14.04,917,16.87,13.36,76.79,67.64,85.2,5133
2015-16,MADHYA PRADESH,DINDORI,704218,4.6,21.26,1004,5.65,64.7,65.47,53.49,77.6,7470
2015-16,MADHYA PRADESH,MANDLA,1053522,12.4,17.81,1005,4.59,57.88,68.28,57.2,79.5,5800
2015-16,MADHYA PRADESH,CHHINDWARA,2090306,24.4,13.03,966,11.11,36.82,72.21,63.38,80.8,11815
2015-16,MADHYA PRADESH,SEONI,1378876,11.9,18.2,984,9.48,37.69,73.01,64.14,81.8,8758
2015-16,MADHYA PRADESH,BALAGHAT,1701156,14.4,13.56,1021,7.37,22.51,78.29,69.71,87.1,9229
2015-16,MADHYA PRADESH,ASHOKNAGAR,844979,18.2,22.65,900,20.8,9.71,67.9,54.18,80.2,4674
2015-16,MADHYA PRADESH,ANUPPUR,749521,27.4,12.35,975,9.93,47.85,69.08,57.89,80.1,3747
2015-16,MADHYA PRADESH,BURHANPUR,756993,34.4,19.23,951,8.48,30.36,65.28,57.12,73.1,3427
2015-16,MADHYA PRADESH,ALIRAJPUR,728677,7.8,19.4,1009,3.69,88.98,37.22,30.97,43.6,3182
2015-16,MADHYA PRADESH,SINGRAULI,1178132,19.3,28.03,916,12.79,32.59,62.36,49.86,73.8,5675
2015-16,MADHYA PRADESH,AGAR MALWA,0,0,0,0,0,0,0,0,0,0
2015-16,GUJARAT,KACHCHH,2090313,13.27,32.03,907,12.37,1.16,71.58,61.62,80.6,45674
2015-16,GUJARAT,BANAS KANTHA,3116045,20.93,24.43,936,10.49,9.11,66.39,52.58,79.45,10743
2015-16,GUJARAT,PATAN,1342746,25.35,13.53,935,9.18,0.99,73.47,62.01,84.28,5792
2015-16,GUJARAT,MAHESANA,2027727,14.96,9.91,925,7.98,0.46,84.26,76.12,91.88,4401
2015-16,GUJARAT,SABAR KANTHA,2427346,43.21,16.56,950,7.73,22.32,76.6,65.29,87.45,7394
2015-16,GUJARAT,GANDHINAGAR,1387478,84.05,12.15,920,7.8,1.31,85.78,77.37,93.59,2140
2015-16,GUJARAT,AHMEDABAD,7208200,28.3,22.31,903,10.53,1.24,86.65,80.29,92.44,8107
2015-16,GUJARAT,SURENDRANAGAR,1755873,58.12,15.89,929,10.22,1.22,73.19,62.2,83.47,10423
2015-16,GUJARAT,RAJKOT,3799770,44.96,19.87,924,7.63,0.63,82.2,75.26,88.67,11198
2015-16,GUJARAT,JAMNAGAR,2159130,48.77,13.38,938,8.05,1.12,74.4,65.97,82.35,14184
2015-16,GUJARAT,PORBANDAR,586062,33.05,9.17,947,8.85,2.23,76.63,68.32,84.56,2316
2015-16,GUJARAT,JUNAGADH,2742291,25.49,12.01,952,9.69,2.03,76.88,67.59,85.8,8831
2015-16,GUJARAT,AMRELI,1513614,41.01,8.59,964,8.78,0.48,74.49,66.97,81.82,7397
2015-16,GUJARAT,BHAVNAGAR,2877961,30.32,16.53,931,5.45,0.32,76.84,66.92,86.15,10034
2015-16,GUJARAT,ANAND,2090276,22.76,12.57,921,4.99,1.19,85.79,77.76,93.23,3204
2015-16,GUJARAT,KHEDA,2298934,14,12.81,937,5.03,1.75,84.31,74.67,93.4,3953
2015-16,GUJARAT,PANCH MAHALS,2388267,8.99,17.92,945,4.2,30.18,72.32,59.95,84.07,5231
2015-16,GUJARAT,DOHAD,2126558,49.54,29.95,986,1.95,74.32,60.6,49.02,72.14,3642
2015-16,GUJARAT,VADODARA,4157568,10.44,14.16,934,5.32,27.61,81.21,74.4,87.59,7546
2015-16,GUJARAT,NARMADA,590379,34.07,14.77,960,1.48,81.55,73.29,63.62,82.6,2817
2015-16,GUJARAT,BHARUCH,1550822,79.68,13.14,924,4.01,31.48,83.03,76.79,88.8,6509
2015-16,GUJARAT,SURAT,6079231,10.89,42.19,788,2.6,14.09,86.65,81.02,91.05,4549
2015-16,GUJARAT,THE DANGS,226769,30.74,21.44,1007,0.44,94.65,76.8,68.75,84.98,1766
2015-16,GUJARAT,NAVSARI,1330711,37.23,8.24,961,2.67,48.11,84.78,79.3,90.06,2246
2015-16,GUJARAT,VALSAD,1703068,9.79,20.74,926,2.24,52.93,80.94,74.96,86.48,3008
2015-16,GUJARAT,TAPI,806489,46.06,12.07,1004,1.01,84.18,69.23,61.69,76.86,3139
2015-16,GUJARAT,ARAVALLI,0,0,0,0,0,0,0,0,0,0
2015-16,GUJARAT,BOTAD,0,0,0,0,0,0,0,0,0,0
2015-16,GUJARAT,DEVBHOOMI DWARKA,0,0,0,0,0,0,0,0,0,0
2015-16,GUJARAT,GIR SOMNATH,0,0,0,0,0,0,0,0,0,0
2015-16,GUJARAT,MAHISAGAR,0,0,0,0,0,0,0,0,0,0
2015-16,GUJARAT,CHHOTAUDEPUR,0,0,0,0,0,0,0,0,0,0
2015-16,GUJARAT,MORBI,0,0,0,0,0,0,0,0,0,0
2015-16,DAMAN AND DIU,DIU,52056,83.1,17.73,1030,3.58,0.24,83.36,75.83,91.24,39
2015-16,DAMAN AND DIU,DAMAN,190855,46.62,67.43,533,2.23,7.97,88.06,81.14,91.53,72
2015-16,DADRA AND NAGAR HAVELI,DADRA AND NAGAR HAVELI(UT),342853,46.62,55.5,775,1.8,51.95,77.65,65.93,86.46,491
2015-16,MAHARASHTRA,NANDURBAR,1646177,16.72,25.5,972,2.91,69.28,63.04,53.9,71.98,5955
2015-16,MAHARASHTRA,DHULE,2048781,27.91,19.96,941,6.22,31.56,74.61,66.21,82.59,7195
2015-16,MAHARASHTRA,JALGAON,4224442,31.8,14.71,922,9.2,14.29,79.73,70.92,87.97,11765
2015-16,MAHARASHTRA,BULDANA,2588039,21.23,15.93,928,18.21,4.83,82.09,72.95,90.69,9661
2015-16,MAHARASHTRA,AKOLA,1818617,39.69,11.6,942,20.07,5.53,87.55,81.91,92.89,5676
2015-16,MAHARASHTRA,WASHIM,1196714,17.69,17.23,926,19.17,6.72,81.7,72.26,90.54,4898
2015-16,MAHARASHTRA,AMRAVATI,2887826,35.9,10.77,947,17.53,13.99,88.23,83.52,92.7,12210
2015-16,MAHARASHTRA,WARDHA,1296157,32.47,4.8,946,14.52,11.49,87.22,81.89,92.27,6309
2015-16,MAHARASHTRA,NAGPUR,4653171,68.3,14.39,948,18.65,9.4,89.52,85.07,93.76,9892
2015-16,MAHARASHTRA,BHANDARA,1198810,19.5,5.52,984,16.69,7.41,85.14,77.02,93.17,4087
2015-16,MAHARASHTRA,GONDIYA,1322331,17.07,10.13,996,13.31,16.2,85.41,77.3,93.54,5234
2015-16,MAHARASHTRA,GADCHIROLI,1071795,11,10.46,975,11.25,38.71,70.55,60.66,80.21,14412
2015-16,MAHARASHTRA,CHANDRAPUR,2194262,35.08,5.95,959,15.8,17.67,81.35,73.65,88.73,11443
2015-16,MAHARASHTRA,YAVATMAL,2775457,21.59,12.9,947,11.85,18.54,80.7,72.41,88.58,13582
2015-16,MAHARASHTRA,NANDED,3356566,27.23,16.7,937,19.06,8.38,76.94,66.68,86.62,10528
2015-16,MAHARASHTRA,HINGOLI,1178973,15.17,19.43,935,15.51,9.51,76.04,64.73,86.73,4827
2015-16,MAHARASHTRA,PARBHANI,1835982,31.04,20.18,940,13.47,2.21,75.22,64.27,85.66,6214
2015-16,MAHARASHTRA,JALNA,1958483,19.26,21.84,929,13.9,2.16,73.61,61.28,85.25,7718
2015-16,MAHARASHTRA,AURANGABAD (MAHARASHTRA),3695928,43.74,27.33,917,14.57,3.87,80.4,70.81,89.31,10107
2015-16,MAHARASHTRA,NASHIK,6109052,42.53,22.33,931,9.08,25.62,80.96,73.43,88.03,15530
2015-16,MAHARASHTRA,THANE,11054131,76.92,35.94,880,6.6,13.95,86.18,80.78,90.9,9558
2015-16,MAHARASHTRA,MUMBAI (SUBURBAN),9332481,0,8.01,857,6.23,1.12,90.9,86.93,90.54,446
2015-16,MAHARASHTRA,MUMBAI II,3145966,0,-5.75,838,7.13,0.81,88.48,86.03,94.28,157
2015-16,MAHARASHTRA,RAIGARH (MAHARASHTRA),2635394,36.91,19.36,955,5.12,11.58,83.89,76.79,90.68,7152
2015-16,MAHARASHTRA,PUNE,9426959,60.89,30.34,910,12.52,3.7,87.19,81.13,92.72,15643
2015-16,MAHARASHTRA,AHMADNAGAR,4543083,20.1,12.43,934,12.63,8.33,80.22,71.15,88.81,17048
2015-16,MAHARASHTRA,BID,2585962,19.9,19.65,912,13.59,1.27,73.53,62.29,83.99,10693
2015-16,MAHARASHTRA,LATUR,2455543,25.47,18.04,924,19.6,2.34,79.03,70.02,87.42,7157
2015-16,MAHARASHTRA,OSMANABAD,1660311,16.96,11.69,920,16,2.17,76.33,66.67,85.31,7569
2015-16,MAHARASHTRA,SOLAPUR,4315527,32.4,12.1,932,15.05,1.8,77.72,68.55,86.35,14895
2015-16,MAHARASHTRA,SATARA,3003922,18.98,6.94,986,10.76,0.99,84.2,76.29,92.09,10480
2015-16,MAHARASHTRA,RATNAGIRI,1612672,16.35,-4.96,1123,4.15,1.26,82.43,74.55,91.43,8208
2015-16,MAHARASHTRA,SINDHUDURG,848868,12.6,-2.3,1037,6.54,0.82,86.54,79.73,93.68,5207
2015-16,MAHARASHTRA,KOLHAPUR,3874015,31.75,9.96,953,13.02,0.78,82.9,74.18,91.33,7685
2015-16,MAHARASHTRA,SANGLI,2820575,25.51,9.18,964,12.51,0.65,82.62,74.66,90.4,8572
2015-16,MAHARASHTRA,PALGHAR,0,0,0,0,0,0,0,0,0,0
2015-16,ANDHRA PRADESH,SRIKAKULAM,2699471,16.16,6.38,1014,9.46,6.15,62.3,52.56,72.25,5837
2015-16,ANDHRA PRADESH,VIZIANAGARAM,2342868,20.93,4.16,1016,10.57,10.05,59.49,50.16,69.04,6539
2015-16,ANDHRA PRADESH,VISAKHAPATNAM,4288113,47.51,11.89,1003,7.68,14.42,67.7,60,75.48,11161
2015-16,ANDHRA PRADESH,EAST GODAVARI,5151549,25.52,5.1,1005,18.34,4.14,71.35,67.82,74.91,10807
2015-16,ANDHRA PRADESH,WEST GODAVARI,3934782,20.55,3.45,1004,20.62,2.77,74.32,71.05,77.63,7742
2015-16,ANDHRA PRADESH,KRISHNA,4529009,41.01,8.15,997,19.28,2.93,74.37,69.62,79.13,8727
2015-16,ANDHRA PRADESH,GUNTUR,4889230,33.89,9.5,1003,19.59,5.06,67.99,60.64,75.4,11391
2015-16,ANDHRA PRADESH,PRAKASAM,3392764,19.52,10.9,981,23.19,4.45,63.53,53.4,73.54,17626
2015-16,ANDHRA PRADESH,NELLORE,2966082,29.07,11.15,986,22.49,9.65,69.15,62.3,75.93,13076
2015-16,ANDHRA PRADESH,Kadapa,2884524,34.1,10.87,984,16.16,2.63,67.88,57.26,78.41,15359
2015-16,ANDHRA PRADESH,KURNOOL,4046601,28.26,14.65,984,18.21,2.04,61.13,50.81,71.36,17658
2015-16,ANDHRA PRADESH,ANANTAPUR,4083315,28.09,12.16,977,14.29,3.78,64.28,54.31,74.09,19130
2015-16,ANDHRA PRADESH,CHITTOOR,4170468,29.47,11.33,1002,18.83,3.81,72.36,63.65,81.15,15152
2015-16,KARNATAKA,BELGAUM,4778439,25.34,13.38,969,12.08,6.22,73.94,64.74,82.9,13433
2015-16,KARNATAKA,BAGALKOT,1890826,31.67,14.46,984,16.89,5.14,69.39,58.55,80.16,6552
2015-16,KARNATAKA,BIJAPUR (KARNATAKA),2175102,23.02,20.38,954,20.34,1.81,67.2,56.54,77.41,10498
2015-16,KARNATAKA,GULBARGA,2564892,32.46,17.94,962,25.28,2.54,65.65,55.87,0,10954
2015-16,KARNATAKA,BIDAR,1700018,24.9,13.16,952,23.47,13.85,71.01,61.66,79.94,5448
2015-16,KARNATAKA,RAICHUR,1924773,25.32,15.27,992,20.79,19.03,60.46,49.56,71.35,8442
2015-16,KARNATAKA,KOPPAL,1391292,16.79,16.32,983,18.61,11.82,67.28,56.22,78.21,5570
2015-16,KARNATAKA,GADAG,1065235,35.65,9.61,978,16.36,5.79,75.18,65.29,84.89,4657
2015-16,KARNATAKA,DHARWAD,1846993,56.83,15.13,967,9.63,4.74,80.3,73.57,86.83,4260
2015-16,KARNATAKA,UTTARA KANNADA,1436847,29.14,6.15,975,8.1,2.38,84.03,78.21,89.72,10277
2015-16,KARNATAKA,HAVERI,1598506,22.27,11.08,951,13.77,8.85,77.6,70.65,84.22,4823
2015-16,KARNATAKA,BELLARY,2532383,36.3,24.92,978,21.1,18.41,67.85,58.28,77.24,8461
2015-16,KARNATAKA,CHITRADURGA,1660378,19.78,9.39,969,23.45,18.23,73.82,66.05,81.37,8436
2015-16,KARNATAKA,DAVANAGERE,1946905,32.31,8.71,967,20.18,11.98,76.3,69.39,83.02,5924
2015-16,KARNATAKA,SHIMOGA,1755512,35.5,6.88,995,17.58,3.73,80.5,74.89,86.11,8478
2015-16,KARNATAKA,UDUPI,1177908,28.36,5.9,1093,6.41,4.49,86.29,81.41,91.69,3582
2015-16,KARNATAKA,CHIKKAMANGALORE,1137753,21.07,-0.28,1005,22.29,3.95,79.24,72.88,85.66,7202
2015-16,KARNATAKA,TUMKUR,2681449,22.48,3.74,979,18.92,7.82,74.32,66.45,82.05,10597
2015-16,KARNATAKA,KOLAR,1540231,31.38,11.04,976,30.32,5.13,74.33,66.56,81.94,3979
2015-16,KARNATAKA,BANGALORE U SOUTH,0,0,0,0,0,0,0,0,91.82,0
2015-16,KARNATAKA,BANGALORE RURAL,987257,27.11,16.02,945,21.57,5.34,78.29,70.73,85.44,2298
2015-16,KARNATAKA,MANDYA,1808680,17.08,2.55,989,14.69,1.24,70.14,62.1,78.14,4962
2015-16,KARNATAKA,HASSAN,1776221,21.23,3.17,1005,19.42,1.82,75.89,68.3,83.55,6814
2015-16,KARNATAKA,DAKSHINA KANNADA,2083625,47.6,9.8,1018,7.09,3.94,88.62,84.04,93.31,4861
2015-16,KARNATAKA,KODAGU,554762,14.62,1.13,1019,13.27,10.47,82.52,77.91,87.24,4102
2015-16,KARNATAKA,MYSORE,2994744,41.35,13.39,982,17.88,11.15,72.56,66.59,78.44,6307
2015-16,KARNATAKA,CHAMARAJANAGARA,1020962,17.17,5.75,989,25.42,11.78,61.12,54.32,67.88,5648
2015-16,KARNATAKA,BANGALORE U NORTH,9588910,90.94,46.68,908,21.57,5.34,88.48,84.8,0,2298
2015-16,KARNATAKA,CHIKKABALLAPURA,1254377,22.26,9.17,968,24.9,12.47,70.08,61.55,78.36,4244
2015-16,KARNATAKA,BELGAUM CHIKKODI,0,0,0,0,0,0,0,0,0,0
2015-16,KARNATAKA,TUMKUR MADHUGIRI,0,0,0,0,0,0,0,0,0,0
2015-16,KARNATAKA,RAMANAGARA,1082739,24.6,5.06,976,18.83,2.12,69.2,61.3,76.92,3516
2015-16,KARNATAKA,YADAGIRI,1172985,18.8,22.67,984,23.28,12.51,52.36,41.31,63.33,5270
2015-16,KARNATAKA,UTTARA KANNADA SIRSI,0,0,0,0,0,0,0,0,89.72,0
2015-16,GOA,NORTH GOA,817761,60.24,7.8,959,2.15,6.92,88.85,83.74,93.77,1736
2015-16,GOA,SOUTH GOA,639962,64.63,8.63,980,1.22,14.47,85.53,79.42,91.56,1966
2015-16,LAKSHADWEEP,LAKSHADWEEP,64429,78.02,6.23,946,0,94.8,92.28,88.25,96.11,30
2015-16,KERALA,KASARAGOD,1302600,38.78,8.18,1079,4.08,3.74,89.85,86.13,93.93,1989
2015-16,KERALA,KANNUR,2525637,65.05,4.84,1133,3.3,1.64,95.41,93.57,97.54,2961
2015-16,KERALA,WAYANAD,816558,3.87,4.6,1035,3.99,18.53,89.32,85.94,92.84,2130
2015-16,KERALA,KOZHIKODE,3089543,67.15,7.31,1097,6.45,0.49,95.24,93.16,97.57,2345
2015-16,KERALA,MALAPPURAM,4110956,44.19,13.39,1096,7.5,0.56,93.55,91.55,95.78,3554
2015-16,KERALA,PALAKKAD,2810892,24.09,7.39,1067,14.37,1.74,88.49,84.99,92.27,4482
2015-16,KERALA,THRISSUR,3110327,67.19,4.58,1109,10.39,0.3,95.32,93.85,96.98,3027
2015-16,KERALA,ERNAKULAM,3279860,68.07,5.6,1028,8.18,0.5,95.68,94.27,97.14,3063
2015-16,KERALA,IDUKKI,1107453,4.7,-1.93,1006,13.12,5.03,92.2,89.59,94.84,4356
2015-16,KERALA,KOTTAYAM,1979384,28.58,1.32,1040,7.8,1.11,96.4,95.67,97.17,2206
2015-16,KERALA,ALAPPUZHA,2121943,54.06,0.61,1100,9.46,0.31,96.26,94.8,97.9,1415
2015-16,KERALA,PATHANAMTHITTA,1195537,11,-3.12,1129,13.74,0.68,96.93,96.26,97.7,2652
2015-16,KERALA,KOLLAM,2629703,45.11,1.72,1113,12.46,0.41,93.77,91.95,95.83,2483
2015-16,KERALA,THIRUVANANTHAPURAM,3307284,53.8,2.25,1088,11.3,0.81,92.66,90.89,94.6,2189
2015-16,TAMIL NADU,THIRUVALLUR,3725697,65.3,35.25,983,22.04,1.27,83.82,78.39,89.18,3394
2015-16,TAMIL NADU,CHENNAI,4681087,100,7.77,986,16.78,0.22,90.33,87.16,93.47,175
2015-16,TAMIL NADU,KANCHEEPURAM,3990897,63.59,38.69,985,23.71,1.03,85.29,80.17,90.34,4483
2015-16,TAMIL NADU,VELLORE,3928106,43.13,12.96,1004,21.85,1.85,79.65,72.43,86.96,6075
2015-16,TAMIL NADU,DHARMAPURI,1502900,17.33,16.04,946,16.29,4.18,64.71,60.03,69.16,4497
2015-16,TAMIL NADU,TIRUVANNAMALAI,2468965,20.1,12.94,993,22.94,3.69,74.72,65.71,83.73,6188
2015-16,TAMIL NADU,VILUPPURAM,3463284,14.72,16.99,985,29.37,2.16,72.08,63.51,80.58,7194
2015-16,TAMIL NADU,SALEM,3480008,51.04,15.37,954,16.67,3.43,73.23,65.43,80.7,5237
2015-16,TAMIL NADU,NAMAKKAL,1721179,40.27,15.25,986,20,3.31,74.92,66.68,83.09,3420
2015-16,TAMIL NADU,ERODE,2259608,51.22,12.05,992,16.41,0.97,72.96,65.07,80.81,5760
2015-16,TAMIL NADU,THE NILGIRIS,735071,59.32,-3.55,1041,32.08,4.46,85.65,79.44,92.15,2565
2015-16,TAMIL NADU,COIMBATORE,3472578,75.83,18.46,1001,15.5,0.82,84.31,79.16,89.49,4732
2015-16,TAMIL NADU,DINDIGUL,2161367,37.36,12.39,998,20.95,0.37,76.85,68.82,84.91,6036
2015-16,TAMIL NADU,KARUR,1076588,40.33,15.06,1015,20.8,0.05,75.86,67.05,84.86,2904
2015-16,TAMIL NADU,TIRUCHIRAPPALLI,2713858,49.26,12.22,1013,17.14,0.67,83.56,77.24,90,4509
2015-16,TAMIL NADU,PERAMBALUR,564511,17.14,14.36,1006,31.01,0.46,74.68,66.11,83.39,1756
2015-16,TAMIL NADU,CUDDALORE,2600880,33.94,13.8,984,29.32,0.6,79.04,71.2,86.84,3703
2015-16,TAMIL NADU,NAGAPATTINAM,1614069,22.54,8.41,1025,31.54,0.23,84.09,78,90.38,2569
2015-16,TAMIL NADU,THIRUVARUR,1268094,20.4,8.43,1020,34.09,0.24,83.26,77.02,89.65,2274
2015-16,TAMIL NADU,THANJAVUR,2402781,35.39,8.42,1031,18.91,0.15,82.72,76.61,89.06,3411
2015-16,TAMIL NADU,PUDUKKOTTAI,1618725,19.39,10.9,1015,17.6,0.08,77.76,69.51,86.19,4644
2015-16,TAMIL NADU,SIVAGANGA,1341250,30.99,16.09,1000,17.01,0.06,80.46,72.33,88.61,4233
2015-16,TAMIL NADU,MADURAI,3041038,60.64,17.95,990,13.46,0.37,81.66,76.74,86.55,3710
2015-16,TAMIL NADU,THENI,1243684,53.83,13.69,990,20.72,0.15,77.62,69.72,85.48,2868
2015-16,TAMIL NADU,VIRUDHUNAGAR,1943309,50.42,10.96,1009,20.59,0.12,80.75,73.14,88.46,4241
2015-16,TAMIL NADU,RAMANATHAPURAM,1337560,31.89,12.63,977,18.4,0.08,81.48,74.93,87.89,4104
2015-16,TAMIL NADU,THOOTHUKKUDI,1738376,50.15,9.14,1024,19.88,0.28,86.52,81.77,91.42,4745
2015-16,TAMIL NADU,TIRUNELVELI,3072880,49.49,13.66,1024,18.51,0.33,82.92,76.38,89.66,6693
2015-16,TAMIL NADU,KANNIYAKUMARI,1863174,82.47,11.17,1010,3.97,0.39,92.14,90.45,93.86,1684
2015-16,TAMIL NADU,KRISHANAGIRI,1883731,22.75,20.67,956,14.22,1.19,72.41,64.86,79.65,5129
2015-16,PONDICHERRY,YANAM,55616,100,77.15,1039,15.15,0,80.26,77.07,83.63,30
2015-16,PONDICHERRY,PONDICHERRY,946600,69.13,28.73,1031,16.04,0,86.13,80.4,92.07,294
2015-16,PONDICHERRY,MAHE,41934,100,13.86,1176,0.34,0,98.35,97.61,99.24,9
2015-16,PONDICHERRY,KARAIKAL,200314,49.01,17.29,1048,17.65,0,87.83,82.61,93.36,157
2015-16,ANDAMAN AND NICOBAR ISLANDS,ANDAMANS,237586,55.89,13.97,874,0,1.72,88.49,84.52,91.91,2672
2015-16,ANDAMAN AND NICOBAR ISLANDS,NICOBARS,36819,0,-12.48,778,0,64.28,77.5,70.7,82.65,1841
2015-16,ANDAMAN AND NICOBAR ISLANDS,MIDDLE AND NORTH ANDAMANS,105539,2.6,-0.07,925,0,0.72,84.25,79.39,88.72,3736
2015-16,TELANGANA,ADILABAD,2737738,27.68,10.04,1003,17.82,18.09,61.55,51.99,71.22,16105
2015-16,TELANGANA,NIZAMABAD,2552073,23.03,8.8,1038,14.54,7.56,62.25,52.33,72.66,7956
2015-16,TELANGANA,KARIMNAGAR,3811738,26.08,9.16,1009,18.8,2.83,64.87,55.18,74.72,11823
2015-16,TELANGANA,MEDAK,3031877,24.02,13.55,989,17.74,5.57,62.53,52.49,72.5,9699
2015-16,TELANGANA,HYDERABAD,4010238,100,4.71,943,6.29,1.24,80.96,78.42,83.35,217
2015-16,TELANGANA,RANGA REDDY,5296396,70.32,48.15,955,12.31,4.13,78.05,71.82,84,7493
2015-16,TELANGANA,MAHBUBNAGAR,4042191,15,15.03,975,17.49,8.99,56.06,45.65,66.27,18432
2015-16,TELANGANA,NALGONDA,3483648,19,7.26,982,18.27,11.3,65.05,55.05,74.94,14240
2015-16,TELANGANA,WARANGAL,3522644,28.34,8.52,994,17.54,15.11,66.16,56.45,75.91,12846
2015-16,TELANGANA,KHAMMAM,2798214,23.43,8.5,1010,16.55,27.37,65.46,57.85,73.2,16029
